1189
2731
2233
3159
1709
2921
1917
2612
2658
1624
0621
2327
0593
2664
2544
2284
2288
1192
1674
1106
2431
1942
2249
1937
2910
2676
2328
2383
2263
1583
0650
0623
1548
1939
1597
1035
1658
1957
3501
2395
1665
1584
0541
0763
1567
2685
0692
1862
2938
1676
0660
1916
2386
2396
1206
1831
1858
2375
1889
2723
2927
2863
1505
1197
2397
2384
2483
1014
2393
1932
0524
1784
2526
1177
2391
1914
1973
2326
2657
1740
1174
2752
1612
1907
1198
2382
2372
2617
2267
2701
0560
1094
1618
2785
1857
2551
1979
1758
2610
1663
1832
1880
0641
0540
2376
1967
2400
1952
1879
2322
2449
2388
2407
1946
2629
2374
2536
2514
2321
2265
2693
1913
1195
2496
2291
1940
2250
2209
2401
3009
3089
3008
0523
2726
1022
1865
2289
2541
1908
2379
2380
2399
1976
1512
1656
1938
1185
2552
1046
1535
2428
1608
1572
1590
1980
1575
0735
1670
1848
1759
1837
1669
1667
2252
1934
1867
2763
1637
2706
0242
2566
0652
2412
2260
2389
2732
1149
2630
1849
1542
0751
2378
1034
2402
0292
0757
1886
1047
2894
0279
2819
2429
0217
1816
0622
1571
2258
0587
3169
2405
2848
2537
1729
1861
2476
2589
0658
2687
0691
1717
1127
2248
2995
0720
1982
2795
0424
2414
0631
2594
0553
1502
0202
1953
2538
0561
1864
2385
2759
1817
0530
2668
1868
1581
2922
2872
1655
0645
2434
2444
2893
0356
1881
1882
2453
1883
2704
2229
0644
2614
2613
2741
2888
3201
2355
0226
1654
1010
1519
0139
0165
0244
1130
1621
0197
0446
2216
0188
1642
0653
2411
2219
0500
1023
3051
1606
1660
0175
0780
1139
2500
0605
0770
0297
1200
2450
0695
1687
2339
0633
0180
2417
2247
1710
2223
1768
0222
2213
0044
2770
0522
2584
0671
0120
2625
0110
0187
0269
0766
0567
1671
1944
1696
1641
2800
1566
0210
1805
0473
0468
2246
0627
2724
0656
0471
2637
1866
0708
1040
0509
2555
1765
2357
0706
2228
2816
2826
0516
1125
1870
0628
0568
2409
0223
1538
1803
0415
0397
0624
2244
1188
0022
0224
2867
0077
1122
0702
0452
0715
1602
1136
0402
0719
2354
2624
1723
1909
0632
2870
0476
2623
2828
2862
0517
2602
0646
0687
0381
0247
2572
0676
1037
0113
2691
0599
2918
0609
0420
1186
1065
1546
0709
1593
0086
0439
1126
2810
2698
1713
1839
1528
0437
2809
1764
2507
0419
2939
0664
2217
0447
2205
1760
0787
0707
2210
0738
2458
1210
2996
1815
3216
3022
0547
1798
0786
2837
0576
0598
0726
1722
0557
1095
0566
0444
0647
0625
0619
0488
0677
2436
2778
0487
1835
0426
1878
2517
2448
0508
2771
0387
2222
1777
0404
3608
1984
1072
0478
1164
1959
1888
0480
1141
1653
0436
2653
0459
2575
1838
0490
0701
2255
0458
0495
2750
1522
0595
2370
1509
0449
1557
2974
2368
1834
0697
0489
2636
0588
0456
0675
2591
0746
1529
0616
0435
1678
2509
0454
0718
0737
2773
2993
1202
1922
2634
1097
0579
0617
2609
1819
0526
2709
2201
0470
1788
0031
1797
0693
0700
1990
0612
1544
2239
0494
2666
2823
0637
1808
1006
0486
0558
2768
0638
0455
0464
1123
2257
1800
0717
0477
0548
1622
1196
2581
0507
0607
0472
0527
2497
2343
0003
1595
2852
1211
0181
1175
0265
0298
0037
0711
0755
2603
2944
1664
1160
2853
0453
0207
0089
2345
1736
1071
0542
1585
2981
2352
0408
1920
2348
2650
1124
0457
1060
2907
0377
1112
0680
2920
2442
3040
2638
0416
1776
0538
0767
0388
2905
1038
2564
0739
1689
2803
2869
2737
0556
2256
2982
0445
1138
0682
1068
2358
2548
1986
2595
1120
1751
1075
0667
2520
1983
0528
1718
0469
3071
0728
3026
2356
0433
0626
1064
0385
0499
1066
0603
1705
0410
1004
2464
0539
0497
0358
2948
0661
0655
1635
2505
1925
1793
0649
0434
2866
3050
1646
0678
0425
0662
2838
0749
0485
0710
0518
2204
0506
2908
1668
0615
0190
2969
1603
0543
1507
1651
1807
1119
0640
0545
1513
0531
1910
1875
0559
2967
0639
1521
2207
0482
2366
1116
2813
1533
0177
2772
0403
1856
1787
1644
2643
1958
2489
1617
1647
2472
1783
1076
2232
0546
1016
0483
1699
0503
1691
1842
0502
1897
2970
2478
0512
1715
0686
1153
0730
1733
0033
2968
0698
2659
0636
1786
1640
2674
0736
1115
2451
1737
0411
0594
1577
0727
0663
1726
0620
1744
2885
0580
2525
0313
0441
0491
1508
1181
2212
2621
1794
1564
2462
0179
0417
1890
1767
0578
1799
0659
3006
1176
1626
1692
2474
0729
0716
2884
0606
1924
0281
2984
1820
2365
2241
0418
0742
1855
0741
0440
2753
1685
1945
2364
0467
2577
0569
1853
1657
2673
0604
2652
1140
0642
0448
2367
2886
3166
1605
1827
1782
0479
2437
2651
1161
1598
0670
0504
2438
1652
1854
2363
2702
0724
1003
1506
2639
0771
2457
2253
1079
0783
2240
2351
1592
2360
0564
2282
0696
2644
2531
0240
0573
1073
2715
0438
1142
2788
0577
2251
1714
1701
1190
0212
1599
0740
1629
0549
0712
2700
0690
0466
2350
3033
2563
0423
1568
1531
2488
0537
1684
2690
1698
2470
1085
2975
1877
1054
1070
2208
1774
1911
2224
2349
0703
1109
1720
1962
0654
1111
1732
1069
0704
1792
1113
0754
0725
2221
1681
0592
1841
2707
2904
2254
2261
0613
2362
0582
2361
2727
1683
2933
1935
0772
1843
3039
1093
0481
1166
2519
0529
0091
2218
3041
0532
2725
1675
1757
2553
2620
2622
2369
2543
1988
1163
1721
1527
1526
1893
1187
0496
2487
2237
1869
0629
1789
1731
0390
2654
2851
0413
0668
0688
2618
3003
1747
0498
0722
1704
2596
0596
2645
2484
0186
0461
1666
2776
0451
0016
1796
0657
2490
2460
2558
0465
0630
0679
0460
1770
2530
2945
1518
0705
1209
0493
0317
2534
0066
1923
0474
0414
2847
1775
1766
1627
1628
0236
2471
2236
0235
0597
0492
1746
1809
2302
2303
0450
2418
0174
2965
1813
0586
1968
0428
1762
1822
2234
0618
0484
1107
2203
3015
0589
1899
1769
1151
0095
2592
2245
2542
1735
2522
0554
2338
0534
0760
1516
2649
0168
1894
0303
2523
0634
0203
0442
2319
1092
1168
0272
0275
0635
1610
1135
0288
0042
0215
0781
1523
2524
2511
1031
0116
0643
2300
1795
1055
0764
1966
3028
1503
0748
2299
0731
1091
0264
0009
2930
1045
2978
0019
0255
1649
0231
1643
1614
1773
0126
1659
0053
1105
1074
0088
2765
1205
0734
1750
1847
1859
0768
0146
2570
1604
1814
1677
2312
0779
0684
1779
0713
1823
1716
2305
1008
1156
1596
0669
0761
0777
0069
1110
0071
0765
1615
2942
0200
1860
2593
0211
1956
0046
0357
1517
1121
1191
1525
0145
2766
2681
0012
0052
0080
0118
1569
1778
1601
0195
2580
1828
2301
2304
2535
1203
1845
0245
1748
2728
2529
1821
2751
1711
1829
1738
2560
1739
0330
0059
2554
2545
0191
2309
0199
2310
1193
0167
1514
1679
0258
0591
0562
0575
2532
1551
1609
2585
2318
2206
3066
2641
3010
3085
2889
2486
2308
2934
2492
2493
2631
2642
2586
2868
2632
3097
2951
2315
2736
2313
2465
2333
1833
2627
0117
1955
2628
2518
2855
1712
2231
1650
1688
0107
1896
2503
2648
0552
0581
2459
0057
0305
2611
1159
3088
1520
1680
1184
0104
2991
1565
0092
1078
2767
1695
2943
1098
1830
2739
2588
1180
0008
1084
2600
1067
1623
0721
2626
1077
0521
2761
2311
1147
2466
2435
1559
0753
1648
1057
1083
2769
2565
2729
2647
1547
1745
2340
2533
1634
0614
2504
0278
0733
3208
0319
2421
1042
3000
1850
1728
1204
0674
1032
1117
0792
1553
2557
1090
2582
1607
0714
2820
2808
2683
2527
2295
2272
1157
1707
1638
1791
1754
2833
2562
1082
2663
2202
2550
1537
0208
1033
1719
2583
2271
1620
2477
1026
1639
1703
2721
0784
1836
1863
1118
2844
1539
1812
2697
2568
2479
1874
2432
0246
0220
1989
2780
0102
1730
0340
1755
1903
0311
2419
1630
2274
2578
3206
1099
2423
2806
2607
0318
2742
1905
2608
2277
1906
2834
1554
1501
2587
1682
2858
1080
0015
2953
3059
3007
1904
2952
3211
0018
2793
0172
3045
2597
2845
2662
2275
0342
1133
2606
1613
2573
2792
2296
2293
1785
0178
2344
0249
2956
0152
3240
2781
0140
0149
0061
0040
1573
2895
2420
1089
0010
0285
0004
2561
2734
0252
0035
1631
2346
3056
1534
2746
0026
2733
1081
2865
1690
1114
2954
1632
1824
2661
2738
1167
1887
0422
2226
2314
1096
2576
2849
1752
2230
0351
0694
2491
1826
1891
0432
1806
1500
1818
1580
1536
0243
1532
2756
0124
2598
0462
0072
2571
0241
0005
1549
2854
0205
0535
2540
2574
1134
0268
2903
2655
1165
1724
1749
0075
2801
0270
2214
1781
0271
2510
2556
2235
2501
0028
0097
0082
1790
1772
1530
1145
2821
1053
0651
0750
0685
1128
2559
1515
0563
0232
0681
1570
2822
0519
0501
1058
1052
1131
0555
3027
2371
0511
0098
0137
1898
1892
0463
1802
1965
1810
1801
2646
2441
0610
0611
0510
2929
1780
2825
2779
1199
0505
2878
0127
0665
0515
1059
2280
0513
2601
1771
0550
0103
3032
2567
1811
0551
0183
2516
1524
0732
1969
1582
0533
2440
1619
0525
2546
0520
2719
1727
1725
0778
0689
0590
2513
2670
1948
2774
2840
2961
0159
3002
0209
2812
0221
2824
1625
1579
1645
2480
2521
1155
1088
2789
1504
2786
2898
0129
1560
0282
2220
1511
0514
2225
0138
3202
1543
0756
2879
1636
2539
3048
3167
0090
0063
2798
2962
1563
2506
1825
1763
2468
2485
2656
1702
2980
2669
1146
2928
1137
1152
1761
1158
3034
0321
1024
2579
1108
1600
2619
1558
0248
1201
1926
2499
2335
1087
2940
1207
1693
1933
1741
2279
1541
0795
2660
1611
2528
1001
2278
2856
1742
1661
1556
1013
2481
1616
0775
2331
1588
1576
2294
1987
1574
0759
1048
1050
0758
1743
1900
2330
1700
0774
2270
1041
2547
2502
0791
1170
0316
2783
3151
1872
2424
1562
1972
2473
1708
0790
2215
2712
1030
1510
1852
1144
1672
1873
2334
1086
1545
1706
2227
2341
1540
1148
1552
2755
1150
2730
2508
1756
1043
2273
0769
1591
1143
3164
2604
1871
1132
1901
1895
2790
2842
3095
2211
2452
1019
1555
2714
0250
2268
0056
0785
0773
1753
1162
2605
1971
1941
1734
0119
2336
0021
1561
0289
2955
1633
2512
1985